[gd_scene load_steps=10 format=3 uid="uid://daiyf82t58v7s"]

[ext_resource type="Script" uid="uid://bwhyes7j5e77m" path="res://player.gd" id="1_onrkg"]
[ext_resource type="PackedScene" uid="uid://bl4ue4lvsx2v2" path="res://pewpew.tscn" id="2_i3pqv"]
[ext_resource type="AudioStream" uid="uid://y2ef6e4yn2mw" path="res://assets/audio/silenced-gunshot-81063.mp3" id="4_2hs0m"]
[ext_resource type="AudioStream" uid="uid://bmydrycv0wre7" path="res://assets/audio/concrete-footsteps-1-6265.mp3" id="5_sweqy"]
[ext_resource type="Texture2D" uid="uid://rs66kiv43jvu" path="res://assets/images/crosshair.png" id="6_2hs0m"]
[ext_resource type="PackedScene" uid="uid://clpai68dck2yo" path="res://frappie.tscn" id="7_1jxqw"]
[ext_resource type="FontFile" uid="uid://c0ox2v115c0rl" path="res://assets/fonts/immortal/IMMORTAL.ttf" id="7_dw050"]
[ext_resource type="FontFile" uid="uid://b2n6a2bqt1rdk" path="res://assets/fonts/NotoSansSymbols-VariableFont_wght.ttf" id="8_b26j0"]

[sub_resource type="CapsuleShape3D" id="CapsuleShape3D_2hs0m"]
radius = 3.0
height = 18.0

[node name="Player" type="CharacterBody3D"]
script = ExtResource("1_onrkg")
slide_accel = 15.0

[node name="CollisionShape3D" type="CollisionShape3D" parent="."]
transform = Transform3D(1, 0, 0, 0, 1, 0, 0, 0, 1, 0, 9, 0)
shape = SubResource("CapsuleShape3D_2hs0m")

[node name="Pewpew" parent="." instance=ExtResource("2_i3pqv")]
transform = Transform3D(1, 0, 0, 0, 1, 0, 0, 0, 1, -3.54852, 12.901, 3.49396)

[node name="SpringArmPivot" type="Node3D" parent="."]
transform = Transform3D(-1, -3.2596283e-08, -1.509958e-07, -3.259629e-08, 0.99999994, 2.9802322e-08, 1.509958e-07, 2.9802322e-08, -1, 0, 16.564, 0)

[node name="SpringArm3D" type="SpringArm3D" parent="SpringArmPivot"]
transform = Transform3D(0.9396926, 0, 0.34202012, 0, 1, 0, -0.34202012, 0, 0.9396926, 0, 0, 0)
collision_mask = 6
spring_length = 15.0

[node name="SpringPosition" type="Node3D" parent="SpringArmPivot/SpringArm3D"]

[node name="PlayerCamera" type="Camera3D" parent="SpringArmPivot/SpringArm3D"]
transform = Transform3D(0.9396926, 0, -0.34202012, 0, 1.0000001, 0, 0.34202012, 0, 0.9396926, 0, 0, 10)
current = true

[node name="Line" type="Marker3D" parent="SpringArmPivot/SpringArm3D/PlayerCamera"]

[node name="Audio" type="AudioStreamPlayer3D" parent="SpringArmPivot/SpringArm3D/PlayerCamera"]
transform = Transform3D(-1, 0, 8.74228e-08, 0, 1, 0, -8.74228e-08, 0, -1, 0, 0, 0)
stream = ExtResource("5_sweqy")
max_db = 0.5

[node name="PewpewAudio" type="AudioStreamPlayer3D" parent="SpringArmPivot/SpringArm3D/PlayerCamera"]
stream = ExtResource("4_2hs0m")
max_db = -1.0

[node name="frappie" parent="." instance=ExtResource("7_1jxqw")]

[node name="Skeleton3D" parent="frappie/Node/Armature" index="0"]
bones/0/position = Vector3(-0.048164457, 11.193014, -0.027065039)
bones/0/rotation = Quaternion(0.0033896382, -0.4640842, 0.051393695, 0.8842925)
bones/2/rotation = Quaternion(0.09922484, 0.30057558, 0.9448624, -0.08392807)
bones/4/rotation = Quaternion(-0.39776975, -0.12439315, 0.044946395, 0.9079017)
bones/6/rotation = Quaternion(0.58523875, -0.06738918, -0.06682035, 0.80528843)
bones/8/rotation = Quaternion(0.22917075, -0.028260434, -0.025924904, 0.97263044)
bones/12/rotation = Quaternion(0.02102927, 0.0070215524, 0.0006431762, 0.9997541)
bones/14/rotation = Quaternion(0.042213827, -0.003787491, 0.0036694391, 0.9990947)
bones/16/rotation = Quaternion(0.13030681, -0.003971209, 0.0031507944, 0.9914608)
bones/18/rotation = Quaternion(0.62203825, 0.42436448, -0.4122073, 0.51290196)
bones/20/rotation = Quaternion(0.5020437, -0.30237132, 0.08620823, 0.8056624)
bones/22/rotation = Quaternion(0.4940449, -0.56298035, 0.4065322, 0.5231676)
bones/24/rotation = Quaternion(0.056871876, -0.34937787, 0.032192077, 0.93470025)
bones/26/rotation = Quaternion(0.17982942, 0.0890364, -0.00030711526, 0.97966003)
bones/28/rotation = Quaternion(0.38814956, -1.4097895e-07, -0.039776314, 0.9207376)
bones/30/rotation = Quaternion(0.37232447, -3.7858263e-07, -0.038154554, 0.9273181)
bones/34/rotation = Quaternion(0.26629314, -0.080623135, 0.14082263, 0.9501352)
bones/36/rotation = Quaternion(-0.019475255, -1.1781229e-07, -0.12127232, 0.9924282)
bones/38/rotation = Quaternion(-0.08752805, -0.07377632, 0.23083398, 0.9662358)
bones/42/rotation = Quaternion(0.057483952, -0.069894664, -0.0100640915, 0.995846)
bones/44/rotation = Quaternion(0.4331274, -2.5541522e-07, -0.044385273, 0.90023917)
bones/46/rotation = Quaternion(0.27413836, -1.5506521e-07, -0.028092546, 0.96127987)
bones/50/rotation = Quaternion(0.18068166, 0.083294265, -0.003872667, 0.9800006)
bones/52/rotation = Quaternion(0.24565056, -3.4581169e-07, -0.025173673, 0.9690316)
bones/54/rotation = Quaternion(0.2464324, -9.755604e-08, -0.025253726, 0.96883094)
bones/58/rotation = Quaternion(0.1559647, 0.010911289, -0.0010716614, 0.9877018)
bones/60/rotation = Quaternion(0.563923, -2.0969307e-07, -0.057788916, 0.82380295)
bones/62/rotation = Quaternion(0.28520885, 0.019716272, -0.0936775, 0.9536728)
bones/66/rotation = Quaternion(-0.04035351, 0.039550807, -0.018652448, 0.99822813)
bones/68/rotation = Quaternion(-0.08889597, 0.24780548, -0.054669335, 0.9631725)
bones/72/rotation = Quaternion(-0.5490997, 0.49581963, -0.45450315, -0.49606383)
bones/74/rotation = Quaternion(0.3968091, -0.052214228, -0.40341556, 0.822844)
bones/76/rotation = Quaternion(0.17213523, 0.24329929, -0.6743988, 0.6755451)
bones/78/rotation = Quaternion(0.14941223, -0.04739686, -0.056354646, 0.98602927)
bones/80/rotation = Quaternion(0.0064646653, -0.031608243, 0.1054912, 0.9938968)
bones/82/rotation = Quaternion(0.7805201, 3.7660357e-07, 0.06358342, 0.6218887)
bones/84/rotation = Quaternion(0.58085567, 5.1409006e-07, 0.047317635, 0.8126302)
bones/88/rotation = Quaternion(0.044935096, -0.00081776816, 0.05096659, 0.9976886)
bones/90/rotation = Quaternion(0.1005244, -3.725291e-07, 0.008188843, 0.994901)
bones/92/rotation = Quaternion(0.28847125, 1.6205013e-07, 0.023499578, 0.95720017)
bones/96/rotation = Quaternion(0.042569302, 0.15521017, 0.08592544, 0.98321646)
bones/98/rotation = Quaternion(0.72973514, 4.2514876e-07, 0.059445955, 0.68114084)
bones/100/rotation = Quaternion(0.6238808, 3.8824504e-07, 0.050822545, 0.7798652)
bones/104/rotation = Quaternion(0.22757572, -0.059878975, -0.1624106, 0.9582519)
bones/106/rotation = Quaternion(-0.044753257, 0.014333835, 0.18710092, 0.9812161)
bones/108/rotation = Quaternion(-0.18214762, 0.02483537, 0.19119981, 0.9641827)
bones/112/rotation = Quaternion(0.09111092, 0.113690846, 0.100503385, 0.9842115)
bones/114/rotation = Quaternion(0.83666587, 1.1306255e-06, 0.06815697, 0.5434565)
bones/116/rotation = Quaternion(0.63300896, 4.2608008e-07, 0.051566575, 0.7724251)
bones/120/rotation = Quaternion(-0.1725213, 0.28464884, 0.92237526, 0.19604975)
bones/122/rotation = Quaternion(-0.48759747, -0.021010337, -0.009514244, 0.87276393)
bones/124/rotation = Quaternion(0.6509691, 0.029972624, 0.076866, 0.75460756)
bones/126/rotation = Quaternion(0.326956, 0.05094466, -0.0046988064, 0.94365376)

[node name="mixamorigLeftToe_End" parent="frappie/Node/Armature/Skeleton3D" index="0"]
transform = Transform3D(-0.90663415, -0.42186263, 0.006810844, 0.014374422, -0.014751257, 0.99978787, -0.42167264, 0.9065399, 0.01943782, -0.29623234, 0.38405073, 6.100011)

[node name="mixamorigLeftHandMiddle4" parent="frappie/Node/Armature/Skeleton3D" index="1"]
transform = Transform3D(-0.58159167, 0.33303732, 0.7421842, 0.15928316, 0.9413169, -0.29757562, -0.7977343, -0.054850124, -0.6005094, -3.930417, 13.5209675, 6.563235)

[node name="mixamorigLeftHandThumb4" parent="frappie/Node/Armature/Skeleton3D" index="2"]
transform = Transform3D(-0.8465841, -0.25322673, 0.46815753, 0.5115093, -0.14390074, 0.84714246, -0.14715055, 0.9566448, 0.2513519, -3.1817334, 13.03217, 7.1410418)

[node name="mixamorigLeftHandPinky4" parent="frappie/Node/Armature/Skeleton3D" index="3"]
transform = Transform3D(-0.45303646, 0.25576776, 0.85401464, 0.48086467, 0.87676257, -0.0074919215, -0.7506841, 0.4072712, -0.5201955, -4.181453, 13.469209, 6.2437267)

[node name="mixamorigLeftHandIndex4" parent="frappie/Node/Armature/Skeleton3D" index="4"]
transform = Transform3D(-0.56553066, -0.08073116, 0.8207666, 0.22211272, 0.94351774, 0.24584669, -0.79425514, 0.32133645, -0.5156568, -3.9721508, 13.255378, 7.0102596)

[node name="mixamorigLeftHandRing4" parent="frappie/Node/Armature/Skeleton3D" index="5"]
transform = Transform3D(-0.6159754, 0.460205, 0.63936377, 0.18357208, 0.8731275, -0.45160785, -0.7660781, -0.16081011, -0.62230587, -3.8145025, 13.59943, 6.227839)

[node name="mixamorigHeadTop_End" parent="frappie/Node/Armature/Skeleton3D" index="6"]
transform = Transform3D(0.927341, -0.13902617, -0.34743437, 0.10504851, 0.98780864, -0.11488648, 0.3591707, 0.07004151, 0.93063986, -2.7108233, 20.434956, 1.5893327)

[node name="mixamorigNeck" parent="frappie/Node/Armature/Skeleton3D" index="7"]
transform = Transform3D(0.63016254, -0.32459712, -0.7053595, 0.0960677, 0.93403995, -0.34400672, 0.77049726, 0.14901792, 0.61978024, -1.4056966, 17.179077, 0.21984458)

[node name="mixamorigRightHandMiddle4" parent="frappie/Node/Armature/Skeleton3D" index="8"]
transform = Transform3D(0.029087232, -0.017025638, -0.9994323, 0.99805474, 0.05565554, 0.028098775, 0.05514546, -0.9983051, 0.018611329, -3.5923903, 13.099939, 2.8513663)

[node name="mixamorigRightHandIndex4" parent="frappie/Node/Armature/Skeleton3D" index="9"]
transform = Transform3D(-0.14383145, 0.8185865, 0.5560839, 0.9896011, 0.1181577, 0.082026675, 0.0014402689, 0.56209916, -0.8270686, -3.5327694, 13.533791, 3.9804943)

[node name="mixamorigRightHandPinky4" parent="frappie/Node/Armature/Skeleton3D" index="10"]
transform = Transform3D(-0.33654606, -0.07215213, -0.9388989, 0.94022346, 0.029437209, -0.33928332, 0.052118473, -0.9969592, 0.057932064, -3.5483832, 12.623816, 2.9124193)

[node name="mixamorigRightHandThumb4" parent="frappie/Node/Armature/Skeleton3D" index="11"]
transform = Transform3D(0.2465022, 0.08534409, 0.96537715, 0.9661097, -0.10038228, -0.23781478, 0.07661044, 0.9912816, -0.10719608, -3.4241781, 13.580957, 3.1776724)

[node name="mixamorigRightHandRing4" parent="frappie/Node/Armature/Skeleton3D" index="12"]
transform = Transform3D(-0.25074413, -0.49486643, -0.83200693, 0.9670167, -0.08827959, -0.23892538, 0.04478675, -0.86447364, 0.5006795, -3.795474, 12.876079, 2.7325323)

[node name="mixamorigRightToe_End" parent="frappie/Node/Armature/Skeleton3D" index="13"]
transform = Transform3D(-0.14980659, -0.98672104, 0.06276781, -0.02763395, 0.06763774, 0.99732757, -0.98832893, 0.14767167, -0.037399504, -4.260828, 0.47345892, -2.4935672)

[node name="pewpew" parent="frappie/Node/Armature/Skeleton3D" index="16"]
transform = Transform3D(-0.20117903, 0.0681483, 0.9771814, 0.96928823, 0.15789926, 0.18854243, -0.14144741, 0.9851009, -0.097821236, -4.1520653, 12.821973, 1.4340339)

[node name="camera_attach" type="BoneAttachment3D" parent="frappie/Node/Armature/Skeleton3D" index="17"]
transform = Transform3D(0.927341, -0.13902617, -0.34743437, 0.10504851, 0.98780864, -0.11488648, 0.3591707, 0.07004151, 0.93063986, -2.1015692, 18.249077, 0.6555642)
bone_name = "mixamorigHead"
bone_idx = 68

[node name="CanvasLayer" type="CanvasLayer" parent="."]

[node name="MarginContainer" type="MarginContainer" parent="CanvasLayer"]
anchors_preset = 15
anchor_right = 1.0
anchor_bottom = 1.0
grow_horizontal = 2
grow_vertical = 2

[node name="Crosshair" type="TextureRect" parent="CanvasLayer/MarginContainer"]
modulate = Color(1, 1, 1, 0.5882353)
clip_contents = true
layout_mode = 2
mouse_filter = 2
texture = ExtResource("6_2hs0m")
expand_mode = 1
stretch_mode = 3

[node name="ScoreContainer" type="VBoxContainer" parent="CanvasLayer/MarginContainer"]
layout_mode = 2

[node name="Score" type="Label" parent="CanvasLayer/MarginContainer/ScoreContainer"]
layout_mode = 2
theme_override_fonts/font = ExtResource("7_dw050")
theme_override_font_sizes/font_size = 48
text = "
   0"

[node name="Header" type="VBoxContainer" parent="CanvasLayer/MarginContainer"]
visible = false
layout_mode = 2
theme_override_constants/separation = -170

[node name="Dice" type="Label" parent="CanvasLayer/MarginContainer/Header"]
modulate = Color(1, 1, 1, 0.78431374)
layout_mode = 2
theme_override_fonts/font = ExtResource("8_b26j0")
theme_override_font_sizes/font_size = 140
text = "⚀⚁⚂⚃⚄⚅"
horizontal_alignment = 1

[node name="Arrow" type="Label" parent="CanvasLayer/MarginContainer/Header"]
modulate = Color(1, 1, 1, 0.39215687)
layout_mode = 2
theme_override_fonts/font = ExtResource("8_b26j0")
theme_override_font_sizes/font_size = 140
text = "⮝"
horizontal_alignment = 1

[editable path="Pewpew"]
[editable path="frappie"]
