[gd_scene load_steps=24 format=3 uid="uid://daiyf82t58v7s"]

[ext_resource type="Script" uid="uid://bwhyes7j5e77m" path="res://player.gd" id="1_onrkg"]
[ext_resource type="PackedScene" uid="uid://bl4ue4lvsx2v2" path="res://pewpew.tscn" id="2_i3pqv"]
[ext_resource type="Script" uid="uid://dan2pr2332jmj" path="res://spring_arm_pivot.gd" id="3_nvl01"]
[ext_resource type="AudioStream" uid="uid://y2ef6e4yn2mw" path="res://assets/audio/silenced-gunshot-81063.mp3" id="4_2hs0m"]
[ext_resource type="Script" uid="uid://crcstg8mp0f2m" path="res://spring_arm_3d.gd" id="4_ivps1"]
[ext_resource type="AudioStream" uid="uid://bmydrycv0wre7" path="res://assets/audio/concrete-footsteps-1-6265.mp3" id="5_sweqy"]
[ext_resource type="Texture2D" uid="uid://rs66kiv43jvu" path="res://assets/images/crosshair.png" id="6_2hs0m"]
[ext_resource type="Shader" uid="uid://bc4f6kq1t06ct" path="res://crosshair.gdshader" id="6_b26j0"]
[ext_resource type="PackedScene" uid="uid://clpai68dck2yo" path="res://frappie.tscn" id="7_1jxqw"]
[ext_resource type="FontFile" uid="uid://c0ox2v115c0rl" path="res://assets/fonts/immortal/IMMORTAL.ttf" id="7_dw050"]
[ext_resource type="FontFile" uid="uid://b2n6a2bqt1rdk" path="res://assets/fonts/NotoSansSymbols-VariableFont_wght.ttf" id="8_b26j0"]
[ext_resource type="Shader" uid="uid://2n826thxqqk" path="res://outline.gdshader" id="10_n7ghd"]
[ext_resource type="Texture2D" uid="uid://d2xmifqrtmypq" path="res://assets/images/hitcrosshair.png" id="13_urp6f"]

[sub_resource type="CapsuleShape3D" id="CapsuleShape3D_2hs0m"]
radius = 3.0
height = 18.0

[sub_resource type="ShaderMaterial" id="ShaderMaterial_nvl01"]
render_priority = 0
shader = ExtResource("10_n7ghd")
shader_parameter/outlineColor = Color(0, 0, 0, 0.78)
shader_parameter/depth_threshold = 0.025
shader_parameter/normal_threshold = 0.5
shader_parameter/normal_smoothing = 0.25
shader_parameter/max_thickness = 1.3
shader_parameter/min_thickness = 0.5
shader_parameter/max_distance = 75.0
shader_parameter/min_distance = 2.0
shader_parameter/grazing_fresnel_power = 5.0
shader_parameter/grazing_angle_mask_power = 1.0
shader_parameter/grazing_angle_modulation_factor = 50.0

[sub_resource type="QuadMesh" id="QuadMesh_b26j0"]
material = SubResource("ShaderMaterial_nvl01")
flip_faces = true
size = Vector2(2, 2)

[sub_resource type="SphereShape3D" id="SphereShape3D_b26j0"]

[sub_resource type="Animation" id="Animation_n7ghd"]
length = 0.001
tracks/0/type = "value"
tracks/0/imported = false
tracks/0/enabled = true
tracks/0/path = NodePath("ColorRect:color")
tracks/0/interp = 1
tracks/0/loop_wrap = true
tracks/0/keys = {
"times": PackedFloat32Array(0),
"transitions": PackedFloat32Array(1),
"update": 0,
"values": [Color(0, 0, 0, 0)]
}
tracks/1/type = "value"
tracks/1/imported = false
tracks/1/enabled = true
tracks/1/path = NodePath("Label:modulate")
tracks/1/interp = 1
tracks/1/loop_wrap = true
tracks/1/keys = {
"times": PackedFloat32Array(0),
"transitions": PackedFloat32Array(1),
"update": 0,
"values": [Color(1, 1, 1, 1)]
}

[sub_resource type="Animation" id="Animation_b26j0"]
resource_name = "fade_out"
tracks/0/type = "value"
tracks/0/imported = false
tracks/0/enabled = true
tracks/0/path = NodePath("ColorRect:color")
tracks/0/interp = 1
tracks/0/loop_wrap = true
tracks/0/keys = {
"times": PackedFloat32Array(0, 1),
"transitions": PackedFloat32Array(1, 1),
"update": 0,
"values": [Color(0, 0, 0, 0), Color(0, 0, 0, 1)]
}

[sub_resource type="Animation" id="Animation_y72e6"]
resource_name = "skip_fade_out"
length = 4.0
tracks/0/type = "value"
tracks/0/imported = false
tracks/0/enabled = true
tracks/0/path = NodePath("Label:modulate")
tracks/0/interp = 1
tracks/0/loop_wrap = true
tracks/0/keys = {
"times": PackedFloat32Array(0, 0.75, 3.25, 4),
"transitions": PackedFloat32Array(1, 1, 1, 1),
"update": 0,
"values": [Color(1, 1, 1, 0), Color(1, 1, 1, 0.5882353), Color(1, 1, 1, 0.5882353), Color(1, 1, 1, 0)]
}

[sub_resource type="AnimationLibrary" id="AnimationLibrary_nvl01"]
_data = {
&"RESET": SubResource("Animation_n7ghd"),
&"fade_out": SubResource("Animation_b26j0"),
&"skip_fade_out": SubResource("Animation_y72e6")
}

[sub_resource type="ShaderMaterial" id="ShaderMaterial_urp6f"]
shader = ExtResource("6_b26j0")
shader_parameter/alpha_strength = 0.70000003325

[sub_resource type="ShaderMaterial" id="ShaderMaterial_bwjto"]
shader = ExtResource("6_b26j0")
shader_parameter/alpha_strength = 0.7

[node name="Player" type="CharacterBody3D" groups=["attackable"]]
collision_layer = 393
collision_mask = 393
script = ExtResource("1_onrkg")

[node name="CollisionShape3D" type="CollisionShape3D" parent="."]
transform = Transform3D(1, 0, 0, 0, 1, 0, 0, 0, 1, 0, 9, 0)
shape = SubResource("CapsuleShape3D_2hs0m")

[node name="Pewpew" parent="." instance=ExtResource("2_i3pqv")]
transform = Transform3D(1, 0, 0, 0, 1, 0, 0, 0, 1, -3.54852, 12.901, 3.49396)

[node name="SpringArmPivot" type="Node3D" parent="."]
transform = Transform3D(-1, -3.2596283e-08, -1.509958e-07, -3.259629e-08, 0.99999994, 2.9802322e-08, 1.509958e-07, 2.9802322e-08, -1, 0, 16.564, 0)
script = ExtResource("3_nvl01")

[node name="SpringArm3D" type="SpringArm3D" parent="SpringArmPivot"]
transform = Transform3D(0.9396926, 0, 0.34202012, 0, 1, 0, -0.34202012, 0, 0.9396926, 0, 0, 0)
collision_mask = 36
spring_length = 15.0
script = ExtResource("4_ivps1")

[node name="SpringPosition" type="Node3D" parent="SpringArmPivot/SpringArm3D"]

[node name="PlayerCamera" type="Camera3D" parent="SpringArmPivot/SpringArm3D"]
transform = Transform3D(0.93969256, 0, -0.3420201, 0, 1.0000001, 0, 0.3420201, 0, 0.93969256, 0, 0, 10)
current = true

[node name="Audio" type="AudioStreamPlayer3D" parent="SpringArmPivot/SpringArm3D/PlayerCamera"]
transform = Transform3D(-1, 0, 8.74228e-08, 0, 1, 0, -8.74228e-08, 0, -1, 0, 0, 0)
stream = ExtResource("5_sweqy")
max_db = 0.5

[node name="PewpewAudio" type="AudioStreamPlayer3D" parent="SpringArmPivot/SpringArm3D/PlayerCamera"]
stream = ExtResource("4_2hs0m")
max_db = -1.0

[node name="Outline" type="MeshInstance3D" parent="SpringArmPivot/SpringArm3D/PlayerCamera"]
transform = Transform3D(1, -1.7763564e-15, -2.7818146e-08, 4.5000256e-15, 0.99999994, 3.5527137e-15, 2.7818146e-08, 3.5527137e-15, 1, 0, 0, -0.403)
extra_cull_margin = 16384.0
mesh = SubResource("QuadMesh_b26j0")
skeleton = NodePath("../../..")

[node name="frappie" parent="." instance=ExtResource("7_1jxqw")]
transform = Transform3D(0.9396926, 0, -0.34202012, 0, 1, 0, 0.34202012, 0, 0.9396926, 0, 11.25, 0)

[node name="Skeleton3D" parent="frappie/Node/Armature" index="0"]
bones/0/position = Vector3(-0.0011096895, 12.317777, -0.030491889)
bones/0/rotation = Quaternion(-0.040743437, 0.03068466, 0.012590074, 0.9986191)
bones/2/rotation = Quaternion(0.0542505, 0.21922942, 0.97413623, 0.007345303)
bones/4/rotation = Quaternion(-0.5169794, 0.0016080858, 0.052444953, 0.85438824)
bones/6/rotation = Quaternion(0.5312653, -0.015188831, 0.023834756, 0.846734)
bones/8/rotation = Quaternion(0.35537416, -0.08008882, -0.01831522, 0.9311066)
bones/12/rotation = Quaternion(0.017454179, -0.045746062, 0.006338368, 0.99878055)
bones/14/rotation = Quaternion(0.025706846, -0.010822441, -0.014223008, 0.99950975)
bones/16/rotation = Quaternion(0.083411366, -0.011040532, -0.013248735, 0.996366)
bones/18/rotation = Quaternion(0.50169796, 0.5072638, -0.5784509, 0.39544573)
bones/20/rotation = Quaternion(0.47331718, 0.10577481, 0.19180888, 0.8532244)
bones/22/rotation = Quaternion(-8.216903e-08, -1.6179219e-07, 0.6477647, 0.76184046)
bones/24/rotation = Quaternion(0.010651797, -0.88108855, -0.1407096, 0.45140937)
bones/26/rotation = Quaternion(0.56258565, -0.06634306, 0.006781748, 0.82404494)
bones/28/rotation = Quaternion(0.5486476, -3.32715e-07, -0.05622381, 0.8341611)
bones/30/rotation = Quaternion(-0.083586074, 4.5663903e-08, 0.00856572, 0.9964637)
bones/34/rotation = Quaternion(0.17696819, 0.13635933, 0.506277, 0.83292973)
bones/36/rotation = Quaternion(-0.012592036, -0.1418897, -0.005383129, 0.98978776)
bones/38/rotation = Quaternion(-0.16269991, -0.050199967, 0.0065515437, 0.985376)
bones/42/rotation = Quaternion(0.5198639, -0.03845379, -0.024537416, 0.8530304)
bones/44/rotation = Quaternion(0.55933857, -3.4121334e-07, -0.05731923, 0.82695526)
bones/46/rotation = Quaternion(-0.091893375, 1.3528188e-07, 0.009417263, 0.9957244)
bones/50/rotation = Quaternion(0.5541136, -0.07338494, 0.020405974, 0.82894903)
bones/52/rotation = Quaternion(0.5814958, -4.388857e-07, -0.05958989, 0.81136405)
bones/54/rotation = Quaternion(-0.12984611, 9.135694e-08, 0.013306277, 0.99144495)
bones/58/rotation = Quaternion(0.5561732, -0.044121217, -0.02468465, 0.8295273)
bones/60/rotation = Quaternion(0.59110683, -4.4566696e-07, -0.060574707, 0.80431557)
bones/62/rotation = Quaternion(0.001832091, -8.975621e-08, -0.00018771313, 0.99999833)
bones/66/rotation = Quaternion(-4.7753205e-05, -0.0055220625, 0.028241783, 0.9995859)
bones/68/rotation = Quaternion(-0.11880387, 0.012328466, -0.005677666, 0.99282503)
bones/72/rotation = Quaternion(-0.5457667, 0.51991713, -0.43702963, -0.49074438)
bones/74/rotation = Quaternion(0.49627802, -0.15304199, -0.13707902, 0.84350204)
bones/76/rotation = Quaternion(-1.281426e-07, 1.0336462e-07, -0.7982612, 0.6023114)
bones/78/rotation = Quaternion(0.29313293, 0.22353673, 0.07541654, 0.92650795)
bones/80/rotation = Quaternion(0.57679814, -0.020457823, 0.107554786, 0.8095168)
bones/82/rotation = Quaternion(0.81205153, 4.8521906e-07, 0.066151746, 0.5798243)
bones/84/rotation = Quaternion(0.71975935, 4.3958426e-07, 0.058633294, 0.69174325)
bones/88/rotation = Quaternion(0.15789214, 0.014843316, -0.046019565, 0.9862718)
bones/90/rotation = Quaternion(0.42820317, 2.644956e-07, 0.034882393, 0.90300906)
bones/92/rotation = Quaternion(0.7783346, 5.136244e-07, 0.06340506, 0.6246399)
bones/96/rotation = Quaternion(0.6358436, -0.008989018, 0.09300089, 0.76614165)
bones/98/rotation = Quaternion(0.4187794, 4.2840838e-07, 0.034114793, 0.907447)
bones/100/rotation = Quaternion(0.63903177, 5.0047674e-07, 0.052057054, 0.76741683)
bones/104/rotation = Quaternion(0.37243646, -0.44707528, -0.3304988, 0.7430917)
bones/106/rotation = Quaternion(-0.17730573, 0.18936068, 0.23428282, 0.93691874)
bones/108/rotation = Quaternion(-0.32124418, -0.020893516, 0.41700685, 0.84998304)
bones/112/rotation = Quaternion(0.6000621, -0.0016800724, 0.082611315, 0.79567456)
bones/114/rotation = Quaternion(0.6552337, 4.0512532e-07, 0.053376846, 0.7535382)
bones/116/rotation = Quaternion(0.3245372, 1.8812719e-07, 0.026437692, 0.9455035)
bones/120/rotation = Quaternion(-0.05351732, 0.04617192, 0.99699813, -0.031606756)
bones/122/rotation = Quaternion(-0.16091996, 0.0112687275, -9.814299e-05, 0.9869032)
bones/124/rotation = Quaternion(0.5830926, -0.052771118, -0.057580955, 0.8086426)
bones/126/rotation = Quaternion(0.22900656, 0.032116406, 0.015233418, 0.9727757)

[node name="mixamorigLeftToe_End" parent="frappie/Node/Armature/Skeleton3D" index="0"]
transform = Transform3D(-0.9677458, 0.23571685, 0.08891367, 0.021593265, -0.27402395, 0.96148026, 0.25100163, 0.93238866, 0.26009527, 2.0815506, 0.69599307, 1.8049892)

[node name="mixamorigLeftHandMiddle4" parent="frappie/Node/Armature/Skeleton3D" index="1"]
transform = Transform3D(-0.8707873, 0.39052707, 0.29869437, 0.37023875, 0.9205884, -0.124258496, -0.32350084, 0.002385656, -0.94622487, 2.1755335, 13.670735, 4.4219933)

[node name="mixamorigLeftHandThumb4" parent="frappie/Node/Armature/Skeleton3D" index="2"]
transform = Transform3D(-0.76266533, 0.6368811, 0.11280039, -0.21079016, -0.40962172, 0.88756824, 0.6114807, 0.6531404, 0.44665277, 3.5344493, 12.898579, 4.7488704)

[node name="mixamorigLeftHandPinky4" parent="frappie/Node/Armature/Skeleton3D" index="3"]
transform = Transform3D(-0.86562043, 0.313267, 0.39059523, 0.31600314, 0.9469132, -0.05913458, -0.3883847, 0.07224147, -0.9186611, 1.5612588, 13.847102, 4.2030597)

[node name="mixamorigLeftHandIndex4" parent="frappie/Node/Armature/Skeleton3D" index="4"]
transform = Transform3D(-0.87180907, 0.39550942, 0.28900114, 0.388398, 0.91763943, -0.084172525, -0.29848987, 0.038865272, -0.9536212, 2.5061603, 13.530881, 4.5231786)

[node name="mixamorigLeftHandRing4" parent="frappie/Node/Armature/Skeleton3D" index="5"]
transform = Transform3D(-0.87535226, 0.41352645, 0.25050843, 0.30398834, 0.87363863, -0.37992966, -0.37596482, -0.25642043, -0.89044863, 1.9237044, 13.757101, 4.1137843)

[node name="mixamorigHeadTop_End" parent="frappie/Node/Armature/Skeleton3D" index="6"]
transform = Transform3D(0.9974596, -0.024080368, -0.0670409, 0.02839708, 0.997533, 0.064199105, 0.06532956, -0.06593977, 0.9956828, -0.34032083, 22.07598, 1.3752712)

[node name="mixamorigNeck" parent="frappie/Node/Armature/Skeleton3D" index="7"]
transform = Transform3D(0.99515957, -0.053371932, -0.08251624, 0.038368754, 0.98404217, -0.17375012, 0.09047282, 0.16974303, 0.9813267, -0.12784229, 18.517694, 0.09710178)

[node name="mixamorigRightHandMiddle4" parent="frappie/Node/Armature/Skeleton3D" index="8"]
transform = Transform3D(0.26505834, -0.38761464, 0.8828929, 0.93709576, -0.112146705, -0.33056676, 0.22714579, 0.91497463, 0.33350658, -1.309682, 13.954369, 2.7549067)

[node name="mixamorigRightHandIndex4" parent="frappie/Node/Armature/Skeleton3D" index="9"]
transform = Transform3D(0.13225707, -0.79610336, -0.59053206, 0.95744693, 0.2567856, -0.13174324, 0.25652122, -0.5479789, 0.7961886, -0.5572829, 14.287334, 2.4939735)

[node name="mixamorigRightHandPinky4" parent="frappie/Node/Armature/Skeleton3D" index="10"]
transform = Transform3D(0.2810381, -0.95871264, 0.043461043, 0.93511486, 0.2633746, -0.23705265, 0.21581852, 0.1072619, 0.97052425, -1.471184, 13.640118, 1.8021774)

[node name="mixamorigRightHandThumb4" parent="frappie/Node/Armature/Skeleton3D" index="11"]
transform = Transform3D(0.79858816, 0.49596265, 0.34099597, 0.571486, -0.4470709, -0.68813604, -0.18884045, 0.7444117, -0.6404609, -0.6197469, 14.50296, 2.3976338)

[node name="mixamorigRightHandRing4" parent="frappie/Node/Armature/Skeleton3D" index="12"]
transform = Transform3D(0.29177865, -0.934384, -0.20443171, 0.9272309, 0.3287747, -0.17930433, 0.23475084, -0.1372381, 0.9623191, -1.5653381, 13.964169, 1.9990436)

[node name="mixamorigRightToe_End" parent="frappie/Node/Armature/Skeleton3D" index="13"]
transform = Transform3D(-0.99983466, -0.002424378, -0.017998716, -0.017960768, -0.014835268, 0.9997289, -0.0026907157, 0.99988705, 0.014789106, -0.17246893, 0.39193094, 3.1758466)

[node name="pewpew" parent="frappie/Node/Armature/Skeleton3D" index="16"]
transform = Transform3D(0.17490387, 0.8601224, 0.47916493, 0.90610933, -0.3310114, 0.26343355, 0.38519385, 0.38810012, -0.83726, -2.4454992, 14.380862, 2.1998734)

[node name="footcollider" type="BoneAttachment3D" parent="frappie/Node/Armature/Skeleton3D" index="17"]
transform = Transform3D(-0.9677458, 0.23571685, 0.08891367, 0.021593265, -0.27402395, 0.96148026, 0.25100163, 0.93238866, 0.26009527, 2.0815506, 0.69599307, 1.8049892)
bone_name = "mixamorigLeftToe_End"
bone_idx = 10

[node name="Area3D" type="Area3D" parent="frappie/Node/Armature/Skeleton3D/footcollider"]
collision_layer = 16
collision_mask = 16

[node name="CollisionShape3D" type="CollisionShape3D" parent="frappie/Node/Armature/Skeleton3D/footcollider/Area3D"]
shape = SubResource("SphereShape3D_b26j0")

[node name="head" parent="frappie/Node/Armature/Skeleton3D" index="18"]
transform = Transform3D(0.9974596, -0.024080368, -0.0670409, 0.02839708, 0.997533, 0.064199105, 0.06532956, -0.06593977, 0.9956828, -0.22911671, 19.719086, 0.70157814)

[node name="neck" parent="frappie/Node/Armature/Skeleton3D" index="19"]
transform = Transform3D(0.99515957, -0.053371932, -0.08251624, 0.038368754, 0.98404217, -0.17375012, 0.09047282, 0.16974303, 0.9813267, -0.12784229, 18.517694, 0.09710178)

[node name="uppertorso" parent="frappie/Node/Armature/Skeleton3D" index="20"]
transform = Transform3D(0.9974359, 0.0029184716, -0.07150604, -0.015334872, 0.98467636, -0.17371693, 0.06990329, 0.17436802, 0.9821963, -0.12548077, 16.687073, -0.33822802)

[node name="midtorso" parent="frappie/Node/Armature/Skeleton3D" index="21"]
transform = Transform3D(0.9986455, -0.0134291705, -0.05026776, 0.013063132, 0.99988574, -0.007603295, 0.050364114, 0.0069363452, 0.9987069, -0.102888145, 15.00491, -0.34989753)

[node name="lowertorso" parent="frappie/Node/Armature/Skeleton3D" index="22"]
transform = Transform3D(0.9987574, -0.039787505, -0.030009083, 0.041097306, 0.99816936, 0.044372033, 0.02818869, -0.04555019, 0.9985643, -0.04453986, 13.541098, -0.2830982)

[node name="leftthigh" parent="frappie/Node/Armature/Skeleton3D" index="23"]
transform = Transform3D(-0.9866972, 0.060226113, 0.15100142, 0.023867402, -0.8651154, 0.50100464, 0.16080725, 0.49794397, 0.8521694, 1.1594534, 11.513912, -0.041372802)

[node name="rightthigh" parent="frappie/Node/Armature/Skeleton3D" index="24"]
transform = Transform3D(-0.994466, 0.09117829, -0.05218598, -0.098714955, -0.980968, 0.16720462, -0.035947345, 0.1714309, 0.98454016, -1.1166463, 11.462455, 0.10075475)

[node name="leftcalf" parent="frappie/Node/Armature/Skeleton3D" index="25"]
transform = Transform3D(-0.9845703, -0.015602581, 0.17429236, -0.08089851, -0.8426044, -0.5324222, 0.15516669, -0.53830695, 0.8283411, 1.4650966, 7.1235127, 2.4856577)

[node name="rightcalf" parent="frappie/Node/Armature/Skeleton3D" index="26"]
transform = Transform3D(-0.9934027, 0.10644583, -0.042660303, -0.09865589, -0.9829331, -0.15527385, -0.05846048, -0.15004076, 0.98695, -0.6539227, 6.4841084, 0.970755)

[node name="leftfoot" parent="frappie/Node/Armature/Skeleton3D" index="27"]
transform = Transform3D(-0.9744784, 0.20553409, 0.09026558, -0.12835974, -0.84006274, 0.52708524, 0.18416274, 0.5020469, 0.845005, 1.3829899, 2.6894102, -0.3471167)

[node name="rightfoot" parent="frappie/Node/Armature/Skeleton3D" index="28"]
transform = Transform3D(-0.9985222, -0.038507164, 0.03834157, 0.05174845, -0.4585138, 0.88717955, -0.016582627, 0.8878529, 0.45982885, -0.09376454, 1.311544, 0.18118393)

[node name="rightarm" parent="frappie/Node/Armature/Skeleton3D" index="29"]
transform = Transform3D(0.3854604, -0.49230856, 0.78041863, -0.40801048, -0.84953654, -0.3343876, 0.827616, -0.18952559, -0.5283296, -2.504877, 17.840532, -0.077514395)

[node name="rightforearm" parent="frappie/Node/Armature/Skeleton3D" index="30"]
transform = Transform3D(0.36761925, 0.50577, 0.7804189, 0.9288926, -0.15919578, -0.33438775, -0.044884082, 0.84785247, -0.5283294, -4.191321, 14.930374, -0.7267501)

[node name="righthand" parent="frappie/Node/Armature/Skeleton3D" index="31"]
transform = Transform3D(0.17490387, 0.8601224, 0.47916493, 0.90610933, -0.3310114, 0.26343355, 0.38519385, 0.38810012, -0.83726, -2.4454992, 14.380862, 2.1998734)

[node name="leftarm" parent="frappie/Node/Armature/Skeleton3D" index="32"]
transform = Transform3D(0.31526944, 0.3400964, -0.88596845, 0.13664052, -0.9401187, -0.31225997, -0.93911374, -0.022613257, -0.34286165, 2.2106209, 17.534618, -0.23448028)

[node name="leftforearm" parent="frappie/Node/Armature/Skeleton3D" index="33"]
transform = Transform3D(0.38636643, -0.2564783, -0.88596857, -0.90591264, -0.28603506, -0.31225994, -0.17333023, 0.92325664, -0.34286132, 3.3756511, 14.314162, -0.31194347)

[node name="lefthand" parent="frappie/Node/Armature/Skeleton3D" index="34"]
transform = Transform3D(-0.8935222, -0.43263462, 0.12019023, 0.3307609, -0.45315152, 0.82779884, -0.30367002, 0.77941066, 0.5479996, 2.4903386, 13.326825, 2.8749607)

[node name="CanvasLayer" type="CanvasLayer" parent="."]

[node name="MarginContainer" type="MarginContainer" parent="CanvasLayer"]
anchors_preset = 15
anchor_right = 1.0
anchor_bottom = 1.0
grow_horizontal = 2
grow_vertical = 2

[node name="ScoreContainer" type="VBoxContainer" parent="CanvasLayer/MarginContainer"]
layout_mode = 2

[node name="Score" type="Label" parent="CanvasLayer/MarginContainer/ScoreContainer"]
layout_mode = 2
theme_override_fonts/font = ExtResource("7_dw050")
theme_override_font_sizes/font_size = 48
text = "
   0"

[node name="Header" type="VBoxContainer" parent="CanvasLayer/MarginContainer"]
visible = false
layout_mode = 2
theme_override_constants/separation = -170

[node name="Dice" type="Label" parent="CanvasLayer/MarginContainer/Header"]
modulate = Color(1, 1, 1, 0.78431374)
layout_mode = 2
theme_override_fonts/font = ExtResource("8_b26j0")
theme_override_font_sizes/font_size = 140
text = "⚀⚁⚂⚃⚄⚅"
horizontal_alignment = 1

[node name="Arrow" type="Label" parent="CanvasLayer/MarginContainer/Header"]
modulate = Color(1, 1, 1, 0.39215687)
layout_mode = 2
theme_override_fonts/font = ExtResource("8_b26j0")
theme_override_font_sizes/font_size = 140
text = "⮝"
horizontal_alignment = 1

[node name="ColorRect" type="ColorRect" parent="CanvasLayer"]
anchors_preset = 15
anchor_right = 1.0
anchor_bottom = 1.0
grow_horizontal = 2
grow_vertical = 2
mouse_filter = 2
color = Color(0, 0, 0, 0)
metadata/_edit_use_anchors_ = true

[node name="AnimationPlayer" type="AnimationPlayer" parent="CanvasLayer"]
libraries = {
&"": SubResource("AnimationLibrary_nvl01")
}

[node name="Crosshair" type="CanvasLayer" parent="."]

[node name="MarginContainer" type="MarginContainer" parent="Crosshair"]
anchors_preset = 15
anchor_right = 1.0
anchor_bottom = 1.0
grow_horizontal = 2
grow_vertical = 2
mouse_filter = 2

[node name="Crosshair" type="TextureRect" parent="Crosshair/MarginContainer"]
material = SubResource("ShaderMaterial_urp6f")
clip_contents = true
layout_mode = 2
mouse_filter = 2
texture = ExtResource("6_2hs0m")
expand_mode = 1
stretch_mode = 3

[node name="HitContainer" type="Control" parent="Crosshair"]
clip_contents = true
layout_mode = 3
anchors_preset = 8
anchor_left = 0.5
anchor_top = 0.5
anchor_right = 0.5
anchor_bottom = 0.5
offset_left = -20.0
offset_top = -20.0
offset_right = 20.0
offset_bottom = 20.0
grow_horizontal = 2
grow_vertical = 2
rotation = 0.7853982
scale = Vector2(1e-05, 1e-05)
pivot_offset = Vector2(20, 20)
mouse_filter = 2

[node name="HitCrosshair" type="TextureRect" parent="Crosshair/HitContainer"]
material = SubResource("ShaderMaterial_bwjto")
layout_mode = 0
offset_right = 40.0
offset_bottom = 40.0
mouse_filter = 2
texture = ExtResource("13_urp6f")
expand_mode = 1
stretch_mode = 3

[connection signal="body_entered" from="frappie/Node/Armature/Skeleton3D/footcollider/Area3D" to="." method="_on_area_3d_body_entered"]

[editable path="Pewpew"]
[editable path="frappie"]
